,p1,p2,p3,p4,p5,p6
p1,0,0.24,0.22,0.37,0.34,0.23
p2,0.24,0,0.15,0.2,0.14,0.25
p3,0.22,0.15,0,0.15,0.28,0.11
p4,0.37,0.2,0.15,0,0.29,0.22
p5,0.34,0.14,0.28,0.29,0,0.39
p6,0.23,0.25,0.11,0.22,0.39,0
